5.1 7266.42
5.11224 7335.42
5.12449 7402.74
5.13673 7468.64
5.14898 7533.34
5.16122 7597.15
5.17347 7660.28
5.18571 7722.97
5.19796 7785.44
5.2102 7847.89
5.22245 7910.52
5.23469 7973.54
5.24694 8037.08
5.25918 8101.35
5.27143 8166.5
5.28367 8232.64
5.29592 8299.94
5.30816 8368.53
5.32041 8438.46
5.33265 8509.91
5.3449 8582.92
5.35714 8657.6
5.36939 8734.01
5.38163 8812.19
5.39388 8892.22
5.40612 8974.12
5.41837 9057.91
5.43061 9143.63
5.44286 9231.28
5.4551 9320.82
5.46735 9412.28
5.47959 9505.63
5.49184 9600.78
5.50408 9697.74
5.51633 9796.45
5.52857 9896.79
5.54082 9998.73
5.55306 10102.2
5.56531 10207
5.57755 10313.1
5.5898 10420.3
5.60204 10528.6
5.61429 10637.8
5.62653 10747.7
5.63878 10858.1
5.65102 10969
5.66327 11080
5.67551 11191
5.68776 11301.8
5.7 11412.2
